5a89e7590836624c626b01d146410e8aaec6538648788183ccabf83aec5ae6d2 1534765744653 1534765744697 1534765744701 1534765747304
d8f2026d810d8b179344b3f5d6eed877fae13f05d28ee10ce1df4fa90e1eda29 1534765748305 1534765748322 1534765748322 1534765751432
a78941883bb0c491f9c6ff8e5a5bc7dec59e358e4113f4b38c896e62be7f8a67 1534765752433 1534765752468 1534765752469 1534765755043
ccb5bff1f48123ee144c7e5a6b6b2e555e0e8fc7629f75750cb14a4d47c2e2bb 1534765756043 1534765756067 1534765756067 1534765758690
e517a2b94c0c3a8ec0ce456a3d44cff511bd3ffee80f9dc49ed49a001a0e16ca 1534765759691 1534765759716 1534765759716 1534765762293
dfb73f393f1879ddd78a24c79086547f4e8a4fa66eb2e078c5cbbaf852ec8679 1534765763293 1534765763312 1534765763312 1534765766064
3529ed18730709aadb8a72332ee820579630eca913b94c6ac7941b042849b2d2 1534765767064 1534765767084 1534765767085 1534765769632
15d17cc43399321fb40bb868d25837bc3f0ad1db9443b2a64b8696073cb25d45 1534765770632 1534765770653 1534765770653 1534765773184
50f7e8851007fd2bcbffc29824a94f0d0654ddc17cace74ea5eea68bef313c0b 1534765774185 1534765774211 1534765774211 1534765776746
b361bb7d8ba3265743b4de34b146447b2cbc8f632c04b0188cdeb78e00ff60c6 1534765777746 1534765777767 1534765777767 1534765780323
607aa7683678107fa160bf5edaf09c9d406b7a48c18ef4ddb490322f704c66f0 1534765781324 1534765781342 1534765781342 1534765783875
740d9616f669818efba34cf42f3dced60c97a3153ddedda7465719bd339726f3 1534765784876 1534765784896 1534765784896 1534765787503
06b89f1974f797157668fe2586f5b35de8c391556c187396e605a551b82cb2d6 1534765788504 1534765788522 1534765788522 1534765791072
922ccf1dc5c1077eff900064eddef0b6082017a5f3fceffb0b4599ef0da895c1 1534765792073 1534765792094 1534765792094 1534765794632
b94e6eeb9a62d823075d13cb5fd174d64a59b52cb99d8dd66893b0ab1a904b80 1534765795633 1534765795654 1534765795654 1534765798226
3f80c7f7c00e176b2a06ee7e1798362f76e68fc695f86d8d0e36191792ad9ed5 1534765799226 1534765799245 1534765799246 1534765801771
d5e09ba5c7b455ea405316e280aeb68d870e9d7e07638b5f38e13995fff63dbf 1534765802772 1534765802792 1534765802792 1534765805382
a4718b0611e03ff4fe9fd16231623d9cb11c27f71d819758bf9faa54494ce680 1534765806382 1534765806401 1534765806401 1534765808983
4897ca59996e688287ffdc4288c85eea44cd498c73deb703e3b337144f9499d7 1534765809983 1534765810003 1534765810003 1534765812576
a2308351eac8d3a10b16ad263b19aeb4c834dfdd0733dcc55654f238266f0fff 1534765813577 1534765813594 1534765813595 1534765816097
a4f80476d9c69feae4775cb7561a064f38491b4959944f8b4ec2462532686604 1534765817098 1534765817125 1534765817126 1534765819674
593e25ce312399f6da049fdb57d1af2bca133e30cceb3a418d2fa9da6853b664 1534765820675 1534765820694 1534765820695 1534765823251
5887d8f109d9eeea957de38b3dd08ea6323e7836a97561cc7ae6da0a0f2f4541 1534765824252 1534765824271 1534765824271 1534765826804
3d16fb9ab36dabda3bd74bfeb5e1f832f6d3528b644a3037b11353f8391ef23d 1534765827805 1534765827827 1534765827828 1534765830314
5f005709e6b7e1cf194a51184297275aab1f3dd968afa2be272a27cf2d64dad8 1534765831315 1534765831331 1534765831331 1534765833892
ac06bf654505dafc3b47c9b0c3856b2107ca8b1fd2f67207bf048c27a74ab468 1534765834892 1534765834911 1534765834911 1534765837469
de3b681592a88e5e9b71ad127252bf75e937c878933ac651c8730bfce4c9dd50 1534765838470 1534765838485 1534765838485 1534765840996
f3432db7cbba483d10f1195651359f935780ea34d6fdca8ea2faa53b8205ea6e 1534765841997 1534765842017 1534765842017 1534765844549
342004b2de606387f0d6351f110aecd60a1e6972ce1ebf98519e3ab18b1183e0 1534765845550 1534765845570 1534765845571 1534765848126
595472399fa59512cb025895088380dd75ad2ddd0fe359bcdf8482fa5c12be0d 1534765849127 1534765849152 1534765849152 1534765851703
434a276a77b42e6c3c6258c59a2456f1af59a342a37d56cc8379316f52320f65 1534765852703 1534765852734 1534765852734 1534765855306
9cd5bc004efc6e05f409e25223f0b5e9b2f5d2c53067c55ded0ae729d20a729c 1534765856307 1534765856335 1534765856336 1534765858908
4861a8dbe1de381fcd7a9523978d91dab4e9e77c49e74b759f20ff44f9fdbcc0 1534765859909 1534765859928 1534765859929 1534765862485
3548319c80317c2fcd2ea4e779460f6fffa862506af92f1da0a630c7ed15f672 1534765863486 1534765863504 1534765863505 1534765866064
83c4fec0b7d831c4482f1db166096b78079b799f71713976a05729999ebcfc16 1534765867064 1534765867087 1534765867087 1534765869665
186f57067b9cd3bb735d402ed015c409548f425c0d52f0aadcf38369be0e05c0 1534765870666 1534765870682 1534765870682 1534765873193
7c22e13ad96c552db417a1628f3f0184686e89a3ea97d539d073d2b5b9d732ab 1534765874194 1534765874213 1534765874214 1534765876912
5296620394f2a69ce0bd0640aecfa7a1bb0ca6aa86ba32759d0bf1e231ab7379 1534765877913 1534765877931 1534765877931 1534765880490
7b8d4c2b082906baac36dace1c508251cd02093fb1b957461a97a1e8baf408ff 1534765881491 1534765881511 1534765881511 1534765884042
ea1d7abbdedd92154577adac6d60462b17aef3e1f7af7e427466bbebe934dd21 1534765885043 1534765885062 1534765885062 1534765887619
898e755419495ac8f423918b26be8bf7ee66613f42455b91d92a75b2de83c76f 1534765888620 1534765888641 1534765888641 1534765891189
1d2bae0a767800af2070f61be83135e0d78cf1b529cb4e29a02d3fe9372ec4b1 1534765892189 1534765892213 1534765892214 1534765894741
ddfccbda2d7df6e8ebaf0c172d2a25b4d7480ae912767aab81004330a31dbe5f 1534765895741 1534765895761 1534765895761 1534765898310
8fcd5c941aa40c280d1d78b9b7a3851e53143bc25f8e4818d7174b9667a379a3 1534765899310 1534765899334 1534765899335 1534765901912
dfebe21557691eae896846822cac595ecfc2f73bb767c804cf575a65685ff380 1534765902913 1534765902934 1534765902934 1534765905482
75aa797f3913fef52b5c87e64724d2cc4df8f2531496e7a59bc7da0289a75196 1534765906483 1534765906508 1534765906508 1534765909051
77e843b6222ba209ca559426409ad4c8c4d63c2e7ba7aa0266215463d52acf25 1534765910051 1534765910071 1534765910071 1534765912602
8bab0e99b555926164d16c91c9a785460adcde95013b7ce7f15b19d949de7e3e 1534765913603 1534765913680 1534765913681 1534765916212
81d114e61dd7644081e2e61764329dd7d1c4875bdd3c5cf870db79a2658b07a4 1534765917213 1534765917230 1534765917231 1534765919783
280de90476ae63df6ca2256954288dc08b01274f31f9a804fc45d55fb7cd277f 1534765920784 1534765920816 1534765920816 1534765923426
dd8a45e28bd4ee4ab5d2423852e5412c20facbf7c9474884e35f4d73d6c88319 1534765924427 1534765924450 1534765924450 1534765926987
3c713237f314603b6ab52160391e22258feb4a8a7f6681991545cd966ef6ca74 1534765927987 1534765928023 1534765928023 1534765930556
8e2face4751034e1ffcf172fb3f09cc4922cf35602c03bdb7864b843516fd92b 1534765931556 1534765931574 1534765931574 1534765934150
1f01ebdf2e40946da3c4f17fa3a002f777cfc8b020d2a3d03613f2a291bded3f 1534765935151 1534765935169 1534765935169 1534765937702
df94c7a263596bf27ac439986dc7dc80fda9fc852b8f3bec85e8c2797e50de64 1534765938703 1534765938728 1534765938728 1534765941271
ab3f19794524a03ad9b84dec91b662f1e3749b54e19698e5b435f69005f7957d 1534765942272 1534765942288 1534765942288 1534765944875
13b38fd1c977263b87c3aea4f06fb99c666afd608d82c609e1ab290b46130d2e 1534765945875 1534765945894 1534765945894 1534765948418
1dbfdd8fc74d5f76449bd1beefcc79080ce749054d316c3b7c4a7d5db0aa49dc 1534765949418 1534765949433 1534765949433 1534765951970
c7b433e0eed9c7d9672104c7f65b89df733cdea86a0d2955df712e05db4416cc 1534765952971 1534765952987 1534765952987 1534765955539
d2835fafcf782c69c678aaeedc58c836fe3059763c0555e3279e16711de987db 1534765956540 1534765956558 1534765956558 1534765959117
926a888236bac41eb98560683f679c12db2bd56f8d2a47cea7b4bc2cb4906019 1534765960118 1534765960133 1534765960133 1534765962661
34b55674d9b081bc33197a8d0624c3143ee25ae42357897457d27cf4f616d1c8 1534765963662 1534765963683 1534765963683 1534765966204
3d85c9d75a06cef77572ed93f5863459d902be705656259a075c2dfb12f4cf21 1534765967205 1534765967226 1534765967226 1534765969781
f6c33f84d52b1ed679a4fbe55caff08532332383564c1e4eadf9da648d2d171c 1534765970782 1534765970810 1534765970810 1534765973351
5babd33bad333cbdaf62dea04cb8f0584e6bc6999175a6c524a76ab9b5e579bc 1534765974351 1534765974373 1534765974373 1534765977070
1d1ee9da52039d9f65044a7e1aff33aa1c71b38ca596cb7c4eed5bdc5543e801 1534765978070 1534765978086 1534765978087 1534765980655
15b65171efa60ef15064a00eeea36df64de27ffd961ae7c5207248bc5fd4ab7a 1534765981655 1534765981681 1534765981681 1534765984283
cf7144a6133fd9bfdaa9a1631e6c0a9f199e6c50c8d37639dd03cf5897e83c02 1534765985284 1534765985310 1534765985310 1534765987877
57968fc6c1c7fc2f33a6821d2c804b760a6d2f527b9c037233a3687d5613d3a2 1534765988878 1534765988896 1534765988897 1534765991471
1c66715afe58d865b17653e6b1d9e6584a5dacb4f889bb1d47b68a25e18d8df1 1534765992472 1534765992495 1534765992495 1534765995057
fc6570112b1375b27136926ecb9c39074531231820e2eecb9720308920a58c97 1534765996057 1534765996080 1534765996080 1534765998618
241e208460007ed45ce04e7cdf43ae8ab9c7706d544a68a3edacf88603d13230 1534765999618 1534765999649 1534765999650 1534766002228
f21a142032ed3506eb6d177986176ee7df1358eeb59ea02cf085261fba8b3ae3 1534766003229 1534766003251 1534766003251 1534766005797
92d67269dc79d4aeb6f2ea83e75de485261c25bb2ba14f840586a43cd9164e10 1534766006798 1534766006832 1534766006832 1534766009407
303e7a6863591bfaa14e89d125c2f15abd098725ac7239e8847e7d08b50ecc04 1534766010408 1534766010425 1534766010425 1534766012977
8edfe1a40885624a15a2622234cd902e35759694f32fb5497541aadf5db2ead0 1534766013978 1534766013996 1534766013996 1534766016579
9f2e321ab82477268c464709bf940641d9c36d07bd76f7824916bb8e5b5c6670 1534766017580 1534766017595 1534766017596 1534766020105
b1b113366efe941877656bf70ff27424593815b578232fddf5697d72c8f09c63 1534766021106 1534766021119 1534766021119 1534766023685
e8bee86996ea7e9b5c6358cb0f800eb6f5300127333e73480830a99eef692ed0 1534766024685 1534766024702 1534766024703 1534766027303
e2ac5ae0efa8326eb4551eab581a4284506b5ab717c9a993179d7a57925529a6 1534766028304 1534766028326 1534766028327 1534766030914
4c474219330c2fa03b692a05adad4d4e9cb60f9e245e44e890f994717f1df89d 1534766031914 1534766031930 1534766031930 1534766034515
3a15fece6a5f045acd39d0c55c6323d4619209a04f7e09d72c866f3d6f8a7710 1534766035516 1534766035537 1534766035537 1534766038077
3e3bdc07e1d91a2d509c0d45ebc0d602cf4f504abae9aad2f7fd9455c65f21a9 1534766039078 1534766039100 1534766039101 1534766041663
124d3a5f64c9d5570811c0e1430aa0b63d47eca4992770a23015e077400414ee 1534766042664 1534766042687 1534766042688 1534766045256
f682071e64b8c346b4111920ed99a0d19ae5af4adf9c58064f6943893a64224d 1534766046257 1534766046279 1534766046280 1534766048850
a534497e537b61dfb95baf71b59862d2ec2fdbf03690889f44af79eec5fa69e1 1534766049851 1534766049879 1534766049879 1534766052445
efcd2b9da77a528a2a8df83bc9621f1c1ad4a3795159388026ad18949dea9905 1534766053445 1534766053461 1534766053461 1534766056022
525c06d41eb7116c608f325e7964af0eb9174410bcbc9fda9c3ac08e09809334 1534766057023 1534766057041 1534766057042 1534766059591
c518ab5cb69865cb4b7233bfdd92132651a34e49b6f2d870c7a3c61514f0688f 1534766060591 1534766060612 1534766060612 1534766063178
eef5124286b21416edc54b26a9654e5d1044e0fe36c1c1386a9abde93a52a130 1534766064179 1534766064198 1534766064199 1534766066780
f54ea7138c661cb4759777f59a54f31a6946f9eea4b2cf35c3999bd72635128b 1534766067780 1534766067794 1534766067794 1534766070383
0822347e269f85cee75073af716e8440010538d299be7b9265823454c1f88c03 1534766071383 1534766071404 1534766071404 1534766073976
fd605d333943e9e50061aa35f5017b72accbb6dff900b6a2c6e177b10dc6d38f 1534766074976 1534766075004 1534766075004 1534766077570
04474cd5cba60c352d05964b4183efb1497790de6da52062c25097c025e4fcf9 1534766078571 1534766078586 1534766078586 1534766081131
054c00af82f194c584de432ceccd4cf5f010482101945474bfce5b3847b39b4c 1534766082131 1534766082150 1534766082150 1534766084708
d85bc5f5e0abdd4c0d8d1a1a6f8e3db571104476934dad7177f58d7090404122 1534766085708 1534766085722 1534766085722 1534766088261
49655492d50bcb4d53e1ac5db7a6d7d1e59b55ee3cd22946478b243775406ead 1534766089261 1534766089279 1534766089280 1534766092031
bf6c2480f84668cc0771dd0f30a7654d72bc1b88437b22b771972ee16d97ee3e 1534766093031 1534766093045 1534766093045 1534766095608
fb8db8cd127ab11fcdcb166233dfd8998d544940cc0a1eb92cdfda653dd8f565 1534766096608 1534766096627 1534766096627 1534766099168
2fd447e856062f847e95acd5e8b716b7c8733232ad6397eb2c679c437d8d9692 1534766100169 1534766100196 1534766100196 1534766102755
b25f557b1871d3a69b765d16d7ca6a9e5fa2eee10950eaf4e669558390fd6af9 1534766103755 1534766103784 1534766103784 1534766106356
f21da0d8c49e6936a4e034cebc11b9d72b4b91a9c38090b6ac8367a18798eef5 1534766107357 1534766107376 1534766107376 1534766109951
0959d3ee9e74475ad394300b48cdc595a7333d21afe22cefef3d2a1ad536c4ea 1534766110952 1534766110980 1534766110981 1534766113538
50f4c76d0c1f4224f77f8c647f93dbf66cdf7677d70f83a3b486ba0f14dce8e6 1534766114538 1534766114553 1534766114553 1534766117148
b5dc18ffd84684da2b3bef01608e4bb6e647e2d244061ff5eefc669cc88076e7 1534766118148 1534766118166 1534766118166 1534766120716
76b0169d55297dee132892edbb1d168c311dbef56e40b6870e75e8dd163c8d63 1534766121717 1534766121734 1534766121734 1534766124368
f8a1b9fede5849e2d82046d2fb512d69deff57d0028bdfde63b00d7e453ec6d9 1534766125368 1534766125387 1534766125387 1534766128088
0db338878bc29a1a8f973cd10d32e44e70fbf939e09914c79298f14cfb95f8fc 1534766129089 1534766129105 1534766129105 1534766131666
db27d2a6af9ff798c893c0c92f499f31cf600339468e5e74723d6aa5c2e4f793 1534766132666 1534766132682 1534766132683 1534766135250
ac3e1b65a51bae1bc40b964a6c1ec6c3f1dc767e816e0625228a9f6b06b18582 1534766136250 1534766136273 1534766136273 1534766138794
e8e3a9970d9491622d0b4fb10a384bbbeadf982e3a620f05873aebda6f9c0758 1534766139795 1534766139814 1534766139814 1534766142380
8bddaafe3e2a1ee322ee20d5823ab01d6eecfa04e57286f77fce68dff0cdbb85 1534766143381 1534766143402 1534766143403 1534766146000
f90708aaf39608fafe292a677f26575a441ed121bdbb7ae718e3a5009d7d68dd 1534766147000 1534766147035 1534766147035 1534766149577
6ee3512101bdaffdea34c9e40633d35a9a98fbfd7970da2f68a5b881038a90f2 1534766150578 1534766150596 1534766150597 1534766153147
6e7c2d48794e638755068ba5baeb994abb2c62680d639e10b12b0b8cb6000437 1534766154148 1534766154170 1534766154170 1534766156883
baa3be596ef8f0acf807e4311abb5eb92dfdebe515fa04569cba3b1bbdba3a51 1534766157884 1534766157903 1534766157903 1534766160485
52689e4ab6cb942ebcd00fac9b6918a0055571ed98c4cf34899034e79dfd9548 1534766161486 1534766161507 1534766161507 1534766164078
3ae0b7a117a35f42938b0fdc50f3a781fe2b435e0fccd5ce6f1dc53ac64132ed 1534766165079 1534766165098 1534766165098 1534766167707
7b60dc6521fc1bccda8fc687fab624a714d963e6d0e67b98d929399b6975ba19 1534766168707 1534766168725 1534766168725 1534766171276
a1bdd28187769aedfcb877d9ecb4143dc0772cf621aaf1e2fa9b1f5f200e41b8 1534766172276 1534766172288 1534766172289 1534766175308
d9df0af75fab7510e5a61e6dc4a0b37bb1e9464f6f865abd95e9497820a7921f 1534766176308 1534766176335 1534766176336 1534766178962
72d87d33b2b8f3dbdcc6ba6d73f0a300f43848983d0bf9cb7d6e131b4c339847 1534766179963 1534766179981 1534766179981 1534766182556
0265636e44b637a9f40482eca87b52fa76cd2c06a1c319019b98d5905ec67039 1534766183557 1534766183576 1534766183576 1534766186116
d7df8e2e3ef35b3f586eb9a346252d2e5b708e16e6bd3980725c9b0863995375 1534766187117 1534766187137 1534766187137 1534766189719
b6512c251cda0fdb37b27f9439b9442cda384a3f1fcc63fcf0047b3766d780f0 1534766190720 1534766190758 1534766190758 1534766193305
45760f151a006c69c04654d2bf0c5c5a4eca07dac66b8489c77fa230738ec099 1534766194306 1534766194327 1534766194327 1534766196917
e7c8341957de930fe48a71dc46308405cd80e0fe69aefec7653a85411167bcff 1534766197917 1534766197934 1534766197934 1534766200487
6dea2c3a5504098c5aa02190f9f358764a012f97ac0254e845a5e03ee84a51ec 1534766201487 1534766201510 1534766201510 1534766204070
0a4754d00f75be43ce68aa2da403c86dbac2bc685880445b596c72f29402d538 1534766205071 1534766205092 1534766205093 1534766207657
43ab84eaf21ffaba00fadbda4fe6f6887aa78cc7c59aaff3164fc686311da9d8 1534766208658 1534766208682 1534766208682 1534766211234
e2de32047d4f15dfb87ba0064771effa1619af49e4679fe0d3254dde619d6b30 1534766212235 1534766212250 1534766212250 1534766214803
697a50c6fa0104914790abfa2548799ca0bf5a062e8e0b5dee6b501fa8e4acc0 1534766215804 1534766215827 1534766215827 1534766218372
568a2b66519c7b9b7595259b61f8fc82e2626626f5c6f2ac90896d7477fb8772 1534766219372 1534766219395 1534766219395 1534766222050
2e070ccafb6dfa1ba0885809a39af7e42df5e182c451c9f8705ad1d1c9502975 1534766223051 1534766223065 1534766223065 1534766225586
2c25130f59192e6282d36af8c1b47774ddb042807da264e4ceac6c47fa2e807a 1534766226587 1534766226605 1534766226605 1534766229163
342e5efdbfb5dba7da89ac03727cae9afdd28a6a4a3985f3530eff4f2a12421c 1534766230163 1534766230179 1534766230179 1534766232700
b2a06d6dd51aa56d87a9e536c33971640a1e04926f935f7e9e7e861d38fa8e49 1534766233700 1534766233725 1534766233726 1534766236269
17b0fa163a5b6a896262ecf1f75d5348257ba4bff0751db05ac5418cab3597d5 1534766237269 1534766237284 1534766237284 1534766239845
adf908529b4bbf8025a94c5babe5c9605d4e269dd7c9da2bd23a89f8c0f23e96 1534766240845 1534766240859 1534766240859 1534766243389
ed236e668f20c78a5b0e88ba51ddbac63825bc67cf714cda89b677c5c82651df 1534766244389 1534766244410 1534766244410 1534766246943
517718348c1d92bcc2acb6641311d9f014f776825b2fc37f0d68b7721dfd1f5e 1534766247943 1534766247961 1534766247961 1534766250528
d4c0c5ba2c5a2416ca014cb6a53f8522054cf9c77b9b33b5f7cb9b390ed56345 1534766251528 1534766251546 1534766251546 1534766254079
6c017844f466a7b24748c215c8ba063af237e6255519563bc449b7e12839cc8d 1534766255080 1534766255108 1534766255108 1534766257665
c7774df67467e7a71449216773341bbf0ba01f0f4b1bc78776b0cd3e367fcf29 1534766258666 1534766258693 1534766258693 1534766261252
89ae3a4759fa3de8f76a5596af6951255887e88fab9ccf8c16f5109560200e4a 1534766262252 1534766262269 1534766262269 1534766264812
2e99d68dc68a4583151bf03cb859d8058c574bde30d992495573d406bcfc8a1d 1534766265813 1534766265834 1534766265835 1534766268356
a76c4f157adbea2ee1d196b984bf4dd787ebd1b0bbb17b7106f6f20f71e1d0cc 1534766269356 1534766269378 1534766269378 1534766271934
224a47dfbb4c58b1c2cf8043606b21a3ae0d4ff376b35b54f6ae7bf02b6f6080 1534766272934 1534766272946 1534766272946 1534766275469
59c67bc7e780ce2e0a29e1d30d1123aea8159cfc88abd2bc0de6b4493574befe 1534766276470 1534766276486 1534766276486 1534766278996
f9f9c37a9d3d7170cef86ff3c26a095e40357de48f1cc583bd1cf5f6664c2041 1534766279997 1534766280014 1534766280014 1534766282540
2803aab954327f4ae8ac5150c408e62b5e693568b89cffcc59db0a003e182274 1534766283540 1534766283561 1534766283561 1534766286102
9362b8ed4fea731635b59ded3bf890a32ab2ecf1aad469a896e8a3f788ccf295 1534766287102 1534766287117 1534766287117 1534766289645
fd75906dc54825ba569cbc3d932d6213ac7a31f16b681fd085347cba3e17a659 1534766290646 1534766290671 1534766290671 1534766293214
ad520993633b0917b18974b68e91a03f5890f74b95aff203f210b59aaa134e42 1534766294214 1534766294230 1534766294230 1534766296833
4421fd8275b630a564ab652f45bdcd095d93b602fdaf2d3b7ca1e5ed6e8fdeec 1534766297833 1534766297851 1534766297851 1534766300411
1b4ced6c1aef3fc9ee7bd204b08c9b201e15a0bc6c204829c8f16fbc2348057b 1534766301411 1534766301428 1534766301428 1534766303980
c28faf00c3f1cff9ee7da6242653635ba773e132fd90ebe2db1a8bdac1148e61 1534766304980 1534766304999 1534766304999 1534766307624
ffd51540647f199dc2056941174bec91e9157eaed780717d026408d0ddeb4646 1534766308624 1534766308642 1534766308642 1534766311160
2f7e809e53077e35b36ddbadc085de85f9ec6e4cde8517bed151df2a28f522c5 1534766312161 1534766312177 1534766312177 1534766314671
3cc402e72fd41f45a194fd6d73f45bf00b2c3ad5bcfa1254221ca5102f53bd4f 1534766315671 1534766315687 1534766315687 1534766318247
1cd55f3bf1b17f86ca04584cd22ddf3648a749131e630eeb48344e31be8150d5 1534766319248 1534766319279 1534766319280 1534766321816
b1cdbc8330332a178401ce3698540fb8e942e44c12727d8812ceb8e3bdcff140 1534766322817 1534766322844 1534766322844 1534766325336
cdb3c1c162342032b0dc01ab23f83aeca2cc91467a6729d3528423c0fb5068c7 1534766326336 1534766326354 1534766326354 1534766328913
e5ec47573ffa8cebbe3807dd73d7c5bee8a27b1b71af0366f816bcbf8c1d871c 1534766329914 1534766329931 1534766329932 1534766332507
132379389fc9c126b7a203aefe23b33d8b35ae4a554a56e81de169fd0e2d6892 1534766333507 1534766333528 1534766333528 1534766336059
af32e82abe73c1856ddd0b2b0ec8750773080076b0c1b63e61e25edbbcc83425 1534766337059 1534766337080 1534766337080 1534766339696
2c3c1c399c9835652d070aaf0fa8707317856609cc7034425a450918f5ecb5cf 1534766340696 1534766340715 1534766340715 1534766343239
68c26114abb3b680fce34a685768f24f4c0d6b91a3339c728925b7626a58ddef 1534766344240 1534766344257 1534766344258 1534766346767
6fcab3593e650034038822170a4a01b11592a9d332da0a996dc293e5a40db268 1534766347767 1534766347782 1534766347782 1534766350361
148269484dff91688bef73bde8558ce3e799ab84850191a4c835bbd1b3d27525 1534766351362 1534766351377 1534766351378 1534766353914
e44438aa533c9600b15d1f3b2b6b8f9208e7c75792875a9e7fea4b466f4eebda 1534766354914 1534766354928 1534766354928 1534766357565
a5d6428d2bbec99087ed2193602bf5f19234727b70109f556fb164bcaa1c2455 1534766358566 1534766358582 1534766358582 1534766361226
27147bd4de14293b14581417059d7b9fbe378d1026dc7944f7cb0fbfbe064570 1534766362227 1534766362250 1534766362250 1534766364796
6bc1ed65dcb67c2368e3a0492c41dfc9c02cd804b00348f0faecccaa8c6422da 1534766365796 1534766365814 1534766365814 1534766368368
95534c2a8382593a6f3cf29d7908cdce91ea90d5d027e8259e1162c41679fbae 1534766369369 1534766369387 1534766369388 1534766371937
ff8bfd4610d00fa15cbed53581731a7f1cbec89b6c61bafe18f17f492f28db39 1534766372938 1534766372956 1534766372956 1534766375472
4ef0b0e82757398aef6b524bdda3a8a085198092523060f40d71e6c60a953462 1534766376473 1534766376490 1534766376490 1534766379034
cc98402b2168f5abef6fa5771bf2572e8f38447317ae06d9516d45e80763c6c7 1534766380034 1534766380054 1534766380054 1534766382636
dd5fe754c8c8d4d6ee7d8409fb46cfa6dd1f504a6ef662e707f9d81f71437a07 1534766383637 1534766383653 1534766383653 1534766386163
f9e25c58c8a4d363c106a2a9744aeb36f90bac57e3d434f60f940c10911cfdc4 1534766387164 1534766387180 1534766387180 1534766389725
ca155034cdd709ecab267529cc385d96ea4aaa39383e30400a7b986859d47c28 1534766390725 1534766390744 1534766390745 1534766393277
9ae75cd22b745a900b765c47226dce21943b32c758e4d6373811533770da89b6 1534766394277 1534766394291 1534766394291 1534766396804
b94a3697cf4a4a9237c85457b5288324994a4d933db74a20e0ab0dcea6ebeb80 1534766397805 1534766397815 1534766397815 1534766400357
ddefb448217f3bfb01ca458fa35f14782f0e7c12606486f75a57597a71f05717 1534766401357 1534766401377 1534766401377 1534766403918
3efd791771dfded538a3e0ede070cb53cbbf36fd084cd8edb1fee3edf8a9373c 1534766404918 1534766404932 1534766404932 1534766407445
a7e6beff4558d6d738ebcf29c4dbd56fc1935d13bbb6d4d2952f457992de8977 1534766408445 1534766408463 1534766408463 1534766410980
8888c5aceffaf83f8d969bae8b49b11575f415c793ecec7b6929f357697332e1 1534766411981 1534766412004 1534766412004 1534766414550
6c518eaaf1892f59fd75b1139a6ee7b2208dbcde82368b91efe0007bffbb7f19 1534766415551 1534766415572 1534766415572 1534766418086
e420a553705c52c2a182cffeed83fb0d34233510832831cc8dc32dadadc8d890 1534766419087 1534766419105 1534766419105 1534766421621
e696a3ae2eb351a9a4d48d885f5372b090ff418f7134aad44312dec2e6e4090e 1534766422622 1534766422645 1534766422645 1534766425199
baaaa9fe30553f67c350f4197382527fc47627cd9a0b5308bdc42ae8e64e1c16 1534766426199 1534766426214 1534766426214 1534766428736
b1c7c0077d269cf5899b2b3fb022ee64dd6e2d2d1c3275c25e11f44d052512b7 1534766429736 1534766429759 1534766429759 1534766432279
1637ef115e2903e0d2f097f75b334ae51980eb2e7a4b0995f6f748168f702256 1534766433280 1534766433294 1534766433294 1534766435839
ba49becc2d695927d408bcb12efd4ca6e7f2a2706f59072359f02cab3e5c2556 1534766436840 1534766436864 1534766436864 1534766439393
22ec261e4041758b07e45b1a516352364d854d01005e290a76cebd7c6b7f1c70 1534766440393 1534766440416 1534766440416 1534766443020
edb21c373072cdedc3c46d6db405330c9d11dcb3f5c05c0081261f581dfe0144 1534766444021 1534766444037 1534766444038 1534766446614
474b69b3bec4455978c8815c5bb96a4264783a71e6d6ce6e6c316d3b2c0d2140 1534766447615 1534766447639 1534766447640 1534766450191
c2723142380e6e1df9e1f7c9bb463be1cb0953c2f824de8ff67b5ad3291a5a23 1534766451192 1534766451208 1534766451208 1534766453736
6483c5439674571500f274917765affebfd160724ec54361609ed98e91a7e21c 1534766454736 1534766454751 1534766454751 1534766457280
aa55dae8780e8c47e867a3ac2ebe8c7338709d374382b8acae2de441a3b3c778 1534766458281 1534766458299 1534766458299 1534766460866
a2cadadac30ba672638f3298518e9b368106a439db17d669b9ad7cdf47075e24 1534766461866 1534766461884 1534766461884 1534766464419
a4166081279b324c7a2b2ee78f119f1ffa29d6a6712be1616f45415aeb5d1f07 1534766465419 1534766465434 1534766465435 1534766468155
6e2596e1a28a58b6b298e04281a77bbae544a7c1a96d3e7b0a1959a87d2dd604 1534766469155 1534766469172 1534766469172 1534766471707
7d61465793265bc812028f41b663997d7857e37ac5cfaae888e0c68fec7f32ad 1534766472708 1534766472724 1534766472724 1534766475259
95ce2043ce0acce65629e71f593b086aff657d2e02d29c99a0848c7f377b7b39 1534766476260 1534766476286 1534766476286 1534766478846
3d8c7e86c54dbd0774fb20e68064a8ffc6b19b1d67936aa8240c56e2ba598783 1534766479846 1534766479863 1534766479863 1534766482390
e64e9e458e913e0883fcacdc3ca19dd3984d77ebbee790fd398529194077f9e6 1534766483391 1534766483411 1534766483412 1534766485950
b2af6ac67d7191278c43234d5e165ef115766376049673ba6eca23dec3c789b6 1534766486951 1534766486963 1534766486964 1534766489503
e69c9e5e1399796d0943e287510ae952217d457287ce880603a288b4bb314db5 1534766490504 1534766490520 1534766490520 1534766493231
f97cc83da3bc31ca0a9e6725b0d481ce8593192c2cc2d000ca53cd9359b49121 1534766494232 1534766494249 1534766494249 1534766496783
eadd4b7c44061395f0d863414940266d02840bd872134a86b293ebe2ccffa487 1534766497784 1534766497799 1534766497799 1534766500327
178da1bb130ce010aec2ae71dc2ab0a76189f478d49c296776013694958dadc2 1534766501328 1534766501349 1534766501349 1534766503898
7c6d105a1b03363da1bf60bc36285479fbe383fd108fddbd353fd2267971a576 1534766504899 1534766504912 1534766504912 1534766507425
149b4b8c59ff0d2742ad285e7bed603e8dcb6676bce34e6e6c3eeebaf3d25447 1534766508425 1534766508446 1534766508446 1534766511011
04b10b66e6497cdcab633a382c22559b98f97b44b9097a2418637a95d47529ac 1534766512012 1534766512029 1534766512030 1534766514580
321b8f993d8e81ac8c15a073d5889216dc5768b330a4b0f3f19be9f7c05e0fd0 1534766515581 1534766515601 1534766515602 1534766518133
9dfaf34c90304da25debac860bb199a307c549f37d3d38c69bff770b5cfedda5 1534766519133 1534766519148 1534766519148 1534766521701
a6cac635d7d95421058ba16159e0059dad36d1b15e8ff05d2f97996445584c1b 1534766522702 1534766522718 1534766522718 1534766525270
fa69821bc75d28305f7aa79ededa5d94211299ff27abcf2bd6c17311997d59b1 1534766526271 1534766526282 1534766526282 1534766528790
2ed3a0f0f9e6c4f06c907d239a439e53f67f9489430738692378f14d33111003 1534766529790 1534766529807 1534766529807 1534766532326
35029b29915e75155a7eae535da25bb15a8b5de27a83a2b3beb55d41136dd1ed 1534766533326 1534766533339 1534766533339 1534766535903
14aa73f79487e99ba2645d9342f89d1cbbab1660fd56252bee41bae36d5ad09f 1534766536904 1534766536917 1534766536917 1534766539481
6811677d95f43b17b22efaf8acf204d471dd2ee1f9d91c65941a69f864e4f24d 1534766540482 1534766540495 1534766540495 1534766543284
35bcfc8c251b773a8844b8edf2b4f82823143fe7e6303d5a4d329b313d800cd9 1534766544284 1534766544299 1534766544299 1534766546844
6df62011143031e852ea199960090808c00baa42cf50c62c71b67e3a627862c6 1534766547844 1534766547866 1534766547867 1534766550446
6f40f04503d5ca41bfbd4ba7b65b9707b5f09b2648a53b08ad2cfdc409f83a41 1534766551447 1534766551461 1534766551461 1534766554025
f35985c49489b973494ac9d9105df5966ecdc6f7370b62606e8a5502ef63ee0d 1534766555025 1534766555048 1534766555048 1534766557618
b8d729d73ff4300a0a6ac742bdb79d56f0e25b698b022659b8b507da17490ac8 1534766558619 1534766558634 1534766558634 1534766561187
0d1236a17377635ad15aac25cae599c5c6cd9769954c60abcef90d692b0c66e2 1534766562187 1534766562201 1534766562201 1534766564774
e840cab73f23b7d17536cbee213159ae2ea2d9d8adc113ccb704913d54d7afa7 1534766565774 1534766565790 1534766565790 1534766568367
7140e78b5dfb8bc2390d6be51de007fb4f1d22cd07bed0f96070b0cec4058b29 1534766569368 1534766569383 1534766569383 1534766571936
78a6ba0ee510e30f26ab60d134ebe9895362049cf1b9afe9c7bd9588c99a332e 1534766572937 1534766572958 1534766572959 1534766575455
4e39eabd1b0739f1821f6042c653117253f84cc0611753d50bb12842acac97b1 1534766576455 1534766576471 1534766576472 1534766579042
0f02bc35ef47ea978629b7878e868eb979a009af021a20389378ef0590c18ee2 1534766580042 1534766580060 1534766580060 1534766582627
3e4e1eac7f194fdf9bd1f82c41118cddd5b23635076dfc9503ea6c02d14bed6c 1534766583627 1534766583645 1534766583645 1534766586204
3e5a181eb82d1dcb6a474b3ac03f68cc03de17c97daf7f96c000990615e67dfb 1534766587205 1534766587228 1534766587228 1534766589783
63fdd0d29c603783fd7a919ce838a221610e99d2b8a6c82d4a49221baaa8f554 1534766590783 1534766590807 1534766590808 1534766593452
bfd8f9f81985f868a851792ded23006dad45692cee5403699c723cd3f4293139 1534766594452 1534766594468 1534766594469 1534766596996
cd2c792a75f641308072dd693158c17935c28e1f477b2588bc6d4c93ff0ae435 1534766597996 1534766598012 1534766598012 1534766600581
59abfaf352e03bbc2f136e4f30cbdc154809ae09742c0d6e3e13195bce4cf223 1534766601582 1534766601594 1534766601594 1534766604168
c06dfadb0297adeb253f3e13a563bf81f519d2abfaabc5ec1ea3deadb50f372a 1534766605168 1534766605183 1534766605184 1534766607711
efedf788b585386a478d16ca86f7f249feabc6b1d5952732723a45ce43480e05 1534766608712 1534766608726 1534766608727 1534766611272
db74a3aeb8fea6bf0f786ed85feb675b83c4e1af5fe7fa7e6ba64568d0d5fc24 1534766612273 1534766612286 1534766612286 1534766614825
4ddf2dcbfb7ab0bc33604f7c717c1efbe863651f138347978b3f660e37022835 1534766615826 1534766615854 1534766615854 1534766618377
b3f535bdfce28d87ac2746928a6546909a14f1132bf8805156a68a3dd823ce9c 1534766619378 1534766619390 1534766619390 1534766621946
cb8c39d506a8a35165b665de10e1d2c551eab190e9475a7171c7c979bc437dc1 1534766622947 1534766622967 1534766622967 1534766625590
a2f8ce79e4f4381d22b1602cf1ff9e38fdca1b89877c30fa4386aa7eaa11ddea 1534766626590 1534766626619 1534766626619 1534766629194
852a41c7d2b4914220afae379bfe5cb832ade5bb960e7649937cbd90f1eaac6b 1534766630194 1534766630218 1534766630218 1534766632754
d36eca67876f6ece759089a1135d42363be358061bf7a146f78682d3ffb6ddf1 1534766633754 1534766633771 1534766633771 1534766636331
836b786ec6fd2bd2449481cab259416bb8177290a66710652e46e12a1e84fcd4 1534766637332 1534766637346 1534766637346 1534766639876
